0.3490
0.3524
0.3457
0.3556
0.3426
0.3585
0.3401
0.3604
0.3388
0.0310
-0.2204
-0.3204
-0.3777
-0.3291
-0.2880
-0.2304
-0.2155
-0.1982
-0.1925
-0.1971
-0.2025
-0.2083
-0.2302
-0.2512
-0.2519
-0.2494
-0.2343
-0.2210
-0.2290
-0.2350
-0.2261
-0.2078
-0.1795
-0.1662
-0.1929
-0.2125
-0.2120
-0.1979
-0.1670
-0.1575
-0.1728
-0.1966
-0.2087
-0.2008
-0.1993
-0.1955
-0.1842
-0.1866
-0.1800
-0.1747
-0.1753
-0.1644
-0.1407
-0.1191
-0.1160
-0.1288
-0.1561
-0.1887
-0.1910
-0.1839
-0.1807
-0.1595
-0.1399
-0.1309
-0.1095
-0.1213
-0.1279
-0.1324
-0.1223
-0.0974
-0.0930
-0.0913
-0.0794
-0.0748
-0.0707
-0.0739
-0.0662
-0.0539
-0.0606
-0.0551
-0.0401
-0.0296
-0.0205
-0.0144
-0.0154
-0.0099
0.0153
0.0342
0.0263
0.0133
0.0170
0.0230
0.0269
0.0385
0.0409
0.0299
0.0144
0.0217
0.0324
0.0479
0.0472
0.0271
0.0189
0.0197
0.0117
0.0070
0.0040
-0.0094
-0.0207
-0.0236
-0.0275
-0.0311
-0.0349
-0.0451
-0.0548
-0.0601
-0.0648
-0.0750
-0.0800
-0.0748
-0.0752
-0.0746
-0.0703
-0.0746
-0.0803
-0.0898
-0.0998
-0.0957
-0.0954
-0.0838
-0.0967
-0.0979
-0.1020
-0.1132
-0.1161
-0.1296
-0.1394
-0.1512
-0.1580
-0.1473
-0.1525
-0.1622
-0.1680
-0.1871
-0.1748
-0.1705
-0.1640
-0.1713
-0.1680
-0.1674
-0.1769
-0.1835
-0.1959
-0.2042
-0.2106
-0.2090
-0.2062
-0.2081
-0.2074
-0.2225
-0.2247
-0.2256
-0.2388
-0.2263
-0.2083
-0.2065
-0.1934
-0.1912
-0.1988
-0.1907
-0.1894
-0.1853
-0.1696
-0.1703
-0.1744
-0.1664
-0.1656
-0.1831
-0.1878
-0.2013
-0.2090
-0.2057
-0.1989
-0.1914
-0.1928
-0.1928
-0.1963
-0.1942
-0.1851
-0.1752
-0.1742
-0.2018
-0.2253
-0.2486
-0.2418
-0.2376
-0.2423
-0.2477
-0.2616
-0.2688
-0.2802
-0.3053
-0.3339
-0.3512
-0.3383
-0.2864
-0.2036
-0.1363
-0.0944
-0.0465
0.0124
0.0720
0.1433
0.1715
0.1382
0.0420
-0.1524
-0.4269
-0.7079
-0.9164
-1.0874
-1.2576
-1.3890
-1.4776
-1.5042
-1.4900
-1.4485
-1.3905
-1.3383
-1.2706
-1.1535
-1.0254
-0.9490
-0.9300
-0.9293
-0.9100
-0.8840
-0.8660
-0.8370
-0.8066
-0.7552
-0.7134
-0.6616
-0.6278
-0.5814
-0.5389
-0.5096
-0.4664
-0.4319
-0.3990
-0.3599
-0.3202
-0.2599
-0.2041
-0.1520
-0.0915
-0.0402
-0.0145
-0.0106
0.0056
0.0296
0.0550
0.0806
0.0837
0.0919
0.1075
0.1127
0.1272
0.1524
0.1531
0.1507
0.1811
0.1856
0.2031
0.2227
0.2314
0.2386
0.2513
0.2730
0.2876
0.2912
0.2995
0.2994
0.3060
0.3233
0.3166
0.3079
0.3180
0.3150
0.3444
0.3607
0.3687
0.3764
0.3728
0.3673
0.3721
0.3879
0.4067
0.4078
0.3972
0.4019
0.4037
0.3996
0.4131
0.3945
0.4007
0.3835
0.3915
0.3930
0.3866
0.3782
0.3562
0.3539
0.3554
0.3496
0.3249
0.2998
0.2801
0.2492
0.2521
0.2503
0.2488
0.2366
0.2080
0.1768
0.1634
0.1608
0.1449
0.1391
0.1466
0.1277
0.1025
0.0775
0.0420
0.0137
-0.0096
-0.0247
-0.0258
-0.0288
-0.0415
-0.0432
-0.0718
-0.1032
-0.0816
-0.0736
-0.0861
-0.0891
-0.1106
-0.1294
-0.1204
-0.1144
-0.1261
-0.1503
-0.1689
-0.1614
-0.1581
-0.1519
-0.1530
-0.1616
-0.1687
-0.1856
-0.1797
-0.1797
-0.1905
-0.1791
-0.1708
-0.1590
-0.1413
-0.1397
-0.1457
-0.1686
-0.1816
-0.1729
-0.1622
-0.1526
-0.1573
-0.1626
-0.1521
-0.1530
-0.1517
-0.1434
-0.1463
-0.1636
-0.1969
-0.2042
-0.1919
-0.1769
-0.1688
-0.1658
-0.1641
-0.1662
-0.1679
-0.1678
-0.1712
-0.1695
-0.1698
-0.1853
-0.1896
-0.1798
-0.1813
-0.1797
-0.1757
-0.1988
-0.2111
-0.1989
-0.2005
-0.2100
-0.2140
-0.2116
-0.1976
-0.1777
-0.1571
-0.1476
-0.1429
-0.1359
-0.1407
-0.1348
-0.1303
-0.1195
-0.1155
-0.1093
-0.1056
-0.0994
-0.0954
-0.1097
-0.1401
-0.1749
-0.1799
-0.1799
-0.1801
-0.1644
-0.1765
-0.1752
-0.1740
-0.1663
-0.1632
-0.1669
-0.1730
-0.1667
-0.1585
-0.1560
-0.1493
-0.1552
-0.1601
-0.1596
-0.1555
-0.1442
-0.1514
-0.1503
-0.1840
-0.2012
-0.1984
-0.1962
-0.1891
-0.1901
-0.1957
-0.1983
-0.1974
-0.1819
-0.1782
-0.1717
-0.1577
-0.1677
-0.1720
-0.1648
-0.1504
-0.1591
-0.1660
-0.1737
-0.1713
-0.1684
-0.1864
-0.2135
-0.2262
-0.1888
-0.1258
-0.0395
0.0499
0.1244
0.2169
0.3209
0.4118
0.5044
0.5991
0.7308
0.8389
0.9446
1.0558
1.1118
1.0987
1.0042
0.8608
0.6134
0.2409
-0.1098
-0.3378
-0.4597
-0.5150
-0.5395
-0.5099
-0.4401
-0.3840
-0.3614
-0.3476
-0.3378
-0.3164
-0.2986
-0.2962
-0.3030
-0.3227
-0.3355
-0.3372