0.3504
0.3480
0.3531
0.3462
0.3515
0.3537
0.3377
0.3708
0.3234
0.0457
-0.2280
-0.3241
-0.3634
-0.3486
-0.2714
-0.2371
-0.2153
-0.1989
-0.1914
-0.1981
-0.2018
-0.2084
-0.2308
-0.2501
-0.2532
-0.2484
-0.2347
-0.2215
-0.2278
-0.2364
-0.2249
-0.2082
-0.1780
-0.1698
-0.1892
-0.2144
-0.2129
-0.1949
-0.1705
-0.1556
-0.1723
-0.1991
-0.2058
-0.2024
-0.1999
-0.1932
-0.1866
-0.1855
-0.1799
-0.1752
-0.1746
-0.1653
-0.1398
-0.1195
-0.1162
-0.1279
-0.1575
-0.1874
-0.1917
-0.1843
-0.1794
-0.1613
-0.1384
-0.1315
-0.1102
-0.1196
-0.1293
-0.1324
-0.1207
-0.0999
-0.0911
-0.0913
-0.0816
-0.0715
-0.0734
-0.0733
-0.0641
-0.0577
-0.0570
-0.0566
-0.0399
-0.0301
-0.0200
-0.0148
-0.0154
-0.0096
0.0148
0.0346
0.0261
0.0132
0.0172
0.0227
0.0270
0.0384
0.0409
0.0299
0.0144
0.0216
0.0326
0.0478
0.0472
0.0272
0.0188
0.0198
0.0117
0.0069
0.0041
-0.0095
-0.0207
-0.0236
-0.0276
-0.0311
-0.0354
-0.0441
-0.0558
-0.0597
-0.0644
-0.0760
-0.0790
-0.0753
-0.0756
-0.0737
-0.0713
-0.0742
-0.0799
-0.0908
-0.0989
-0.0961
-0.0936
-0.0881
-0.0922
-0.1003
-0.1030
-0.1096
-0.1203
-0.1271
-0.1391
-0.1540
-0.1546
-0.1492
-0.1530
-0.1598
-0.1706
-0.1859
-0.1753
-0.1689
-0.1660
-0.1695
-0.1690
-0.1676
-0.1756
-0.1855
-0.1939
-0.2055
-0.2103
-0.2081
-0.2080
-0.2060
-0.2090
-0.2219
-0.2239
-0.2274
-0.2371
-0.2270
-0.2091
-0.2047
-0.1952
-0.1906
-0.1980
-0.1926
-0.1875
-0.1860
-0.1705
-0.1683
-0.1763
-0.1655
-0.1661
-0.1815
-0.1898
-0.1995
-0.2100
-0.2059
-0.1977
-0.1933
-0.1908
-0.1941
-0.1961
-0.1932
-0.1869
-0.1731
-0.1758
-0.2011
-0.2264
-0.2461
-0.2445
-0.2360
-0.2420
-0.2496
-0.2593
-0.2704
-0.2801
-0.3041
-0.3356
-0.3501
-0.3384
-0.2872
-0.2026
-0.1368
-0.0945
-0.0461
0.0115
0.0734
0.1416
0.1727
0.1382
0.0404
-0.1496
-0.4299
-0.7062
-0.9160
-1.0900
-1.2539
-1.3922
-1.4763
-1.5041
-1.4903
-1.4483
-1.3905
-1.3387
-1.2701
-1.1539
-1.0255
-0.9485
-0.9308
-0.9287
-0.9101
-0.8845
-0.8651
-0.8378
-0.8063
-0.7566
-0.7098
-0.6654
-0.6258
-0.5806
-0.5419
-0.5060
-0.4685
-0.4323
-0.3965
-0.3628
-0.3185
-0.2594
-0.2062
-0.1497
-0.0926
-0.0391
-0.0171
-0.0077
0.0037
0.0297
0.0565
0.0782
0.0858
0.0909
0.1071
0.1140
0.1258
0.1532
0.1530
0.1505
0.1812
0.1853
0.2037
0.2219
0.2322
0.2382
0.2513
0.2735
0.2868
0.2921
0.2989
0.2995
0.3064
0.3226
0.3175
0.3072
0.3183
0.3150
0.3446
0.3606
0.3685
0.3768
0.3724
0.3675
0.3722
0.3874
0.4074
0.4074
0.3972
0.4024
0.4029
0.4003
0.4128
0.3959
0.3972
0.3879
0.3879
0.3946
0.3876
0.3752
0.3600
0.3505
0.3573
0.3498
0.3229
0.3029
0.2769
0.2516
0.2512
0.2508
0.2477
0.2374
0.2080
0.1757
0.1651
0.1596
0.1448
0.1407
0.1442
0.1296
0.1022
0.0760
0.0447
0.0112
-0.0086
-0.0263
-0.0218
-0.0331
-0.0391
-0.0427
-0.0748
-0.0994
-0.0841
-0.0734
-0.0841
-0.0918
-0.1087
-0.1295
-0.1219
-0.1126
-0.1269
-0.1519
-0.1649
-0.1661
-0.1549
-0.1524
-0.1552
-0.1579
-0.1721
-0.1839
-0.1795
-0.1814
-0.1885
-0.1806
-0.1701
-0.1591
-0.1413
-0.1392
-0.1469
-0.1677
-0.1815
-0.1743
-0.1603
-0.1539
-0.1575
-0.1608
-0.1548
-0.1509
-0.1520
-0.1452
-0.1432
-0.1665
-0.1957
-0.2041
-0.1923
-0.1764
-0.1689
-0.1659
-0.1636
-0.1667
-0.1677
-0.1676
-0.1716
-0.1690
-0.1700
-0.1855
-0.1892
-0.1802
-0.1812
-0.1792
-0.1768
-0.1978
-0.2113
-0.1997
-0.1991
-0.2112
-0.2138
-0.2106
-0.1993
-0.1762
-0.1575
-0.1485
-0.1411
-0.1377
-0.1399
-0.1347
-0.1305
-0.1198
-0.1144
-0.1111
-0.1039
-0.0999
-0.0966
-0.1068
-0.1433
-0.1728
-0.1797
-0.1826
-0.1761
-0.1680
-0.1750
-0.1751
-0.1742
-0.1665
-0.1624
-0.1681
-0.1719
-0.1670
-0.1594
-0.1540
-0.1516
-0.1537
-0.1599
-0.1614
-0.1527
-0.1467
-0.1504
-0.1507
-0.1830
-0.2020
-0.1989
-0.1946
-0.1911
-0.1888
-0.1951
-0.2006
-0.1942
-0.1843
-0.1780
-0.1695
-0.1615
-0.1643
-0.1734
-0.1645
-0.1512
-0.1576
-0.1682
-0.1714
-0.1728
-0.1688
-0.1840
-0.2174
-0.2223
-0.1909
-0.1266
-0.0358
0.0448
0.1288
0.2152
0.3211
0.4118
0.5036
0.6012
0.7278
0.8414
0.9440
1.0535
1.1166
1.0934
1.0076
0.8613
0.6089
0.2475
-0.1157
-0.3354
-0.4607
-0.5126
-0.5423
-0.5080
-0.4404
-0.3854
-0.3592
-0.3496
-0.3368
-0.3162
-0.2996
-0.2950
-0.3039
-0.3223
-0.3355
-0.3372