0.2812
0.3122
0.3624
0.4118
0.4385
0.4254
0.3654
0.2632
0.1338
-0.0021
-0.1243
-0.2185
-0.2798
-0.3117
-0.3237
-0.3264
-0.1988
-0.1995
-0.2012
-0.2045
-0.2099
-0.2173
-0.2260
-0.2346
-0.2415
-0.2452
-0.2448
-0.2403
-0.2328
-0.2242
-0.2168
-0.2126
-0.1884
-0.1882
-0.1877
-0.1872
-0.1867
-0.1866
-0.1867
-0.1873
-0.1881
-0.1891
-0.1903
-0.1913
-0.1923
-0.1930
-0.1935
-0.1937
-0.1944
-0.1833
-0.1646
-0.1443
-0.1289
-0.1231
-0.1283
-0.1427
-0.1610
-0.1772
-0.1860
-0.1848
-0.1744
-0.1588
-0.1437
-0.1345
-0.1233
-0.1225
-0.1208
-0.1178
-0.1133
-0.1073
-0.1000
-0.0918
-0.0835
-0.0758
-0.0695
-0.0647
-0.0616
-0.0599
-0.0591
-0.0589
-0.0378
-0.0335
-0.0257
-0.0158
-0.0055
0.0038
0.0111
0.0162
0.0195
0.0217
0.0238
0.0261
0.0290
0.0319
0.0345
0.0359
0.0242
0.0261
0.0293
0.0325
0.0344
0.0339
0.0303
0.0239
0.0152
0.0054
-0.0042
-0.0127
-0.0193
-0.0240
-0.0269
-0.0282
-0.0380
-0.0428
-0.0511
-0.0607
-0.0693
-0.0751
-0.0773
-0.0764
-0.0740
-0.0722
-0.0725
-0.0758
-0.0817
-0.0889
-0.0953
-0.0990
-0.0882
-0.0902
-0.0941
-0.0994
-0.1058
-0.1130
-0.1206
-0.1283
-0.1359
-0.1433
-0.1504
-0.1570
-0.1628
-0.1676
-0.1709
-0.1727
-0.1717
-0.1705
-0.1689
-0.1678
-0.1684
-0.1713
-0.1769
-0.1844
-0.1928
-0.2008
-0.2071
-0.2111
-0.2128
-0.2127
-0.2119
-0.2112
-0.2330
-0.2302
-0.2252
-0.2188
-0.2121
-0.2059
-0.2007
-0.1965
-0.1931
-0.1897
-0.1860
-0.1818
-0.1772
-0.1728
-0.1693
-0.1674
-0.1764
-0.1801
-0.1866
-0.1940
-0.2004
-0.2042
-0.2047
-0.2019
-0.1972
-0.1918
-0.1874
-0.1849
-0.1844
-0.1855
-0.1871
-0.1883
-0.2562
-0.2474
-0.2340
-0.2228
-0.2206
-0.2316
-0.2553
-0.2864
-0.3163
-0.3357
-0.3378
-0.3207
-0.2881
-0.2489
-0.2141
-0.1938
-0.1087
-0.0622
0.0164
0.1020
0.1651
0.1792
0.1268
0.0035
-0.1821
-0.4110
-0.6585
-0.8993
-1.1122
-1.2814
-1.3978
-1.4566
-1.5200
-1.4963
-1.4508
-1.3875
-1.3115
-1.2290
-1.1461
-1.0685
-1.0007
-0.9456
-0.9042
-0.8758
-0.8585
-0.8494
-0.8454
-0.8441
-0.7418
-0.7190
-0.6783
-0.6281
-0.5773
-0.5328
-0.4974
-0.4688
-0.4417
-0.4091
-0.3662
-0.3120
-0.2507
-0.1908
-0.1428
-0.1161
-0.0349
-0.0258
-0.0093
0.0117
0.0338
0.0542
0.0713
0.0848
0.0957
0.1058
0.1167
0.1289
0.1421
0.1549
0.1651
0.1707
0.1956
0.2014
0.2122
0.2264
0.2423
0.2579
0.2719
0.2835
0.2926
0.2994
0.3045
0.3085
0.3117
0.3142
0.3161
0.3171
0.3375
0.3411
0.3477
0.3563
0.3654
0.3740
0.3813
0.3869
0.3911
0.3943
0.3970
0.3997
0.4024
0.4050
0.4071
0.4083
0.3994
0.3968
0.3925
0.3874
0.3828
0.3791
0.3759
0.3719
0.3653
0.3547
0.3392
0.3195
0.2975
0.2765
0.2599
0.2508
0.2603
0.2482
0.2272
0.2027
0.1801
0.1638
0.1548
0.1512
0.1485
0.1417
0.1267
0.1026
0.0717
0.0395
0.0126
-0.0026
-0.0191
-0.0242
-0.0335
-0.0451
-0.0571
-0.0678
-0.0764
-0.0828
-0.0878
-0.0924
-0.0977
-0.1041
-0.1114
-0.1186
-0.1245
-0.1278
-0.1633
-0.1608
-0.1569
-0.1535
-0.1527
-0.1556
-0.1621
-0.1709
-0.1797
-0.1857
-0.1872
-0.1834
-0.1754
-0.1654
-0.1564
-0.1511
-0.1480
-0.1520
-0.1586
-0.1656
-0.1703
-0.1711
-0.1675
-0.1608
-0.1531
-0.1471
-0.1449
-0.1475
-0.1542
-0.1629
-0.1709
-0.1757
-0.1948
-0.1909
-0.1842
-0.1762
-0.1687
-0.1635
-0.1613
-0.1624
-0.1658
-0.1705
-0.1752
-0.1789
-0.1812
-0.1821
-0.1822
-0.1821
-0.1795
-0.1835
-0.1906
-0.1991
-0.2068
-0.2120
-0.2132
-0.2099
-0.2023
-0.1914
-0.1786
-0.1655
-0.1535
-0.1437
-0.1368
-0.1332
-0.1405
-0.1335
-0.1217
-0.1089
-0.0990
-0.0953
-0.0994
-0.1106
-0.1266
-0.1439
-0.1591
-0.1700
-0.1759
-0.1776
-0.1771
-0.1761
-0.1728
-0.1721
-0.1707
-0.1690
-0.1669
-0.1648
-0.1626
-0.1607
-0.1589
-0.1573
-0.1558
-0.1545
-0.1534
-0.1524
-0.1518
-0.1514
-0.1739
-0.1770
-0.1824
-0.1889
-0.1948
-0.1988
-0.2001
-0.1984
-0.1942
-0.1885
-0.1823
-0.1767
-0.1721
-0.1689
-0.1669
-0.1660
-0.1763
-0.1675
-0.1546
-0.1453
-0.1464
-0.1609
-0.1859
-0.2124
-0.2280
-0.2206
-0.1829
-0.1156
-0.0282
0.0629
0.1381
0.1805
0.4075
0.4249
0.4669
0.5433
0.6593
0.8083
0.9686
1.1054
1.1790
1.1561
1.0213
0.7848
0.4838
0.1753
-0.0769
-0.2182
-0.5136
-0.5068
-0.4931
-0.4725
-0.4457
-0.4144
-0.3811
-0.3496
-0.3233
-0.3055
-0.2977
-0.2995
-0.3086
-0.3211
-0.3327
-0.3396