0.3455
0.3515
0.3568
0.3518
0.3395
0.3417
0.3678
0.3736
0.2808
0.0643
-0.1917
-0.3576
-0.3801
-0.3200
-0.2667
-0.2492
-0.2128
-0.2021
-0.1930
-0.1939
-0.2019
-0.2128
-0.2283
-0.2471
-0.2573
-0.2489
-0.2309
-0.2230
-0.2299
-0.2347
-0.2242
-0.2092
-0.1741
-0.1760
-0.1889
-0.2093
-0.2162
-0.1966
-0.1671
-0.1569
-0.1734
-0.1969
-0.2070
-0.2035
-0.1976
-0.1936
-0.1888
-0.1840
-0.1784
-0.1778
-0.1742
-0.1629
-0.1421
-0.1202
-0.1132
-0.1295
-0.1594
-0.1840
-0.1924
-0.1874
-0.1761
-0.1605
-0.1424
-0.1292
-0.1083
-0.1210
-0.1323
-0.1303
-0.1173
-0.1033
-0.0938
-0.0869
-0.0804
-0.0756
-0.0732
-0.0703
-0.0649
-0.0592
-0.0564
-0.0564
-0.0414
-0.0288
-0.0179
-0.0171
-0.0174
-0.0057
0.0154
0.0299
0.0279
0.0173
0.0132
0.0207
0.0320
0.0378
0.0363
0.0329
0.0130
0.0223
0.0360
0.0453
0.0436
0.0322
0.0200
0.0143
0.0135
0.0103
0.0011
-0.0102
-0.0188
-0.0241
-0.0280
-0.0308
-0.0366
-0.0435
-0.0531
-0.0613
-0.0676
-0.0729
-0.0772
-0.0785
-0.0759
-0.0720
-0.0708
-0.0746
-0.0820
-0.0899
-0.0957
-0.0986
-0.0919
-0.0909
-0.0922
-0.0976
-0.1047
-0.1110
-0.1176
-0.1278
-0.1411
-0.1517
-0.1545
-0.1516
-0.1510
-0.1590
-0.1733
-0.1844
-0.1734
-0.1709
-0.1680
-0.1668
-0.1678
-0.1706
-0.1754
-0.1835
-0.1948
-0.2055
-0.2107
-0.2091
-0.2054
-0.2062
-0.2128
-0.2193
-0.2234
-0.2298
-0.2336
-0.2273
-0.2134
-0.2005
-0.1946
-0.1943
-0.1950
-0.1935
-0.1889
-0.1819
-0.1746
-0.1700
-0.1690
-0.1699
-0.1675
-0.1783
-0.1919
-0.2015
-0.2061
-0.2062
-0.2008
-0.1924
-0.1887
-0.1937
-0.1993
-0.1943
-0.1809
-0.1743
-0.1831
-0.1960
-0.2321
-0.2382
-0.2430
-0.2423
-0.2412
-0.2469
-0.2589
-0.2711
-0.2832
-0.3025
-0.3313
-0.3535
-0.3418
-0.2834
-0.2003
-0.1396
-0.0913
-0.0519
0.0119
0.0800
0.1370
0.1675
0.1465
0.0421
-0.1593
-0.4272
-0.6980
-0.9213
-1.0952
-1.2486
-1.3889
-1.4801
-1.5118
-1.4823
-1.4408
-1.3987
-1.3456
-1.2619
-1.1477
-1.0330
-0.9545
-0.9244
-0.9219
-0.9162
-0.8924
-0.8583
-0.8293
-0.8143
-0.7528
-0.7160
-0.6652
-0.6207
-0.5833
-0.5446
-0.5037
-0.4666
-0.4340
-0.3995
-0.3594
-0.3154
-0.2660
-0.2061
-0.1419
-0.0977
-0.0351
-0.0233
-0.0076
0.0081
0.0283
0.0545
0.0777
0.0888
0.0922
0.1003
0.1169
0.1335
0.1434
0.1513
0.1630
0.1737
0.1855
0.2032
0.2224
0.2320
0.2380
0.2518
0.2722
0.2879
0.2933
0.2951
0.3013
0.3106
0.3166
0.3169
0.3148
0.3135
0.3203
0.3370
0.3595
0.3744
0.3759
0.3696
0.3669
0.3746
0.3897
0.4026
0.4067
0.4032
0.3991
0.4000
0.4054
0.4105
0.3988
0.3927
0.3883
0.3904
0.3933
0.3880
0.3739
0.3599
0.3543
0.3539
0.3477
0.3286
0.3005
0.2738
0.2564
0.2490
0.2521
0.2478
0.2336
0.2086
0.1814
0.1624
0.1536
0.1497
0.1452
0.1384
0.1272
0.1074
0.0769
0.0412
0.0104
-0.0068
-0.0235
-0.0276
-0.0306
-0.0347
-0.0494
-0.0743
-0.0923
-0.0899
-0.0768
-0.0759
-0.0941
-0.1151
-0.1229
-0.1205
-0.1199
-0.1228
-0.1546
-0.1611
-0.1647
-0.1595
-0.1514
-0.1513
-0.1613
-0.1734
-0.1800
-0.1815
-0.1829
-0.1850
-0.1827
-0.1716
-0.1554
-0.1433
-0.1348
-0.1519
-0.1707
-0.1773
-0.1718
-0.1631
-0.1573
-0.1552
-0.1560
-0.1579
-0.1561
-0.1477
-0.1406
-0.1477
-0.1705
-0.1916
-0.2042
-0.1919
-0.1772
-0.1684
-0.1656
-0.1649
-0.1653
-0.1676
-0.1697
-0.1693
-0.1687
-0.1734
-0.1825
-0.1879
-0.1847
-0.1786
-0.1737
-0.1851
-0.1983
-0.2041
-0.2029
-0.2025
-0.2076
-0.2139
-0.2121
-0.1981
-0.1769
-0.1580
-0.1466
-0.1417
-0.1396
-0.1385
-0.1357
-0.1289
-0.1202
-0.1145
-0.1110
-0.1054
-0.0977
-0.0962
-0.1109
-0.1406
-0.1703
-0.1844
-0.1813
-0.1733
-0.1713
-0.1737
-0.1764
-0.1721
-0.1666
-0.1644
-0.1670
-0.1704
-0.1686
-0.1604
-0.1522
-0.1509
-0.1559
-0.1601
-0.1586
-0.1535
-0.1495
-0.1483
-0.1543
-0.1779
-0.2008
-0.2041
-0.1935
-0.1871
-0.1913
-0.1975
-0.1978
-0.1933
-0.1868
-0.1779
-0.1675
-0.1621
-0.1658
-0.1723
-0.1637
-0.1543
-0.1540
-0.1674
-0.1765
-0.1701
-0.1664
-0.1862
-0.2175
-0.2242
-0.1880
-0.1227
-0.0448
0.0452
0.1406
0.2072
0.3293
0.3983
0.5041
0.6138
0.7202
0.8340
0.9543
1.0557
1.1070
1.0943
1.0158
0.8590
0.6012
0.2513
-0.1084
-0.3413
-0.4642
-0.5085
-0.5397
-0.5120
-0.4421
-0.3819
-0.3579
-0.3522
-0.3382
-0.3144
-0.2975
-0.2966
-0.3069
-0.3201
-0.3323
-0.3401