0.3497
0.3499
0.3500
0.3498
0.3496
0.3498
0.3503
0.3508
0.3044
0.0823
-0.1998
-0.3680
-0.3784
-0.3131
-0.2647
-0.2530
-0.2102
-0.2042
-0.1962
-0.1923
-0.1980
-0.2138
-0.2334
-0.2470
-0.2581
-0.2441
-0.2298
-0.2267
-0.2315
-0.2317
-0.2219
-0.2111
-0.1713
-0.1784
-0.1922
-0.2071
-0.2120
-0.1988
-0.1729
-0.1520
-0.1787
-0.1913
-0.2047
-0.2076
-0.1999
-0.1904
-0.1862
-0.1863
-0.1756
-0.1800
-0.1777
-0.1611
-0.1374
-0.1217
-0.1206
-0.1258
-0.1634
-0.1768
-0.1909
-0.1920
-0.1779
-0.1571
-0.1401
-0.1316
-0.1088
-0.1205
-0.1318
-0.1309
-0.1179
-0.1024
-0.0928
-0.0898
-0.0777
-0.0767
-0.0741
-0.0697
-0.0644
-0.0598
-0.0569
-0.0557
-0.0410
-0.0293
-0.0182
-0.0163
-0.0171
-0.0073
0.0149
0.0344
0.0235
0.0179
0.0148
0.0204
0.0312
0.0381
0.0368
0.0325
0.0118
0.0232
0.0375
0.0448
0.0418
0.0321
0.0222
0.0166
0.0112
0.0081
0.0013
-0.0084
-0.0184
-0.0256
-0.0288
-0.0295
-0.0370
-0.0432
-0.0526
-0.0615
-0.0682
-0.0729
-0.0763
-0.0783
-0.0763
-0.0729
-0.0707
-0.0739
-0.0819
-0.0905
-0.0959
-0.0979
-0.0907
-0.0918
-0.0937
-0.0969
-0.1027
-0.1113
-0.1208
-0.1271
-0.1421
-0.1486
-0.1541
-0.1535
-0.1518
-0.1577
-0.1722
-0.1851
-0.1730
-0.1713
-0.1685
-0.1665
-0.1671
-0.1710
-0.1767
-0.1810
-0.1979
-0.2044
-0.2102
-0.2097
-0.2058
-0.2058
-0.2122
-0.2190
-0.2237
-0.2296
-0.2332
-0.2274
-0.2140
-0.2008
-0.1939
-0.1924
-0.1976
-0.1944
-0.1884
-0.1812
-0.1746
-0.1706
-0.1691
-0.1690
-0.1687
-0.1773
-0.1906
-0.2023
-0.2076
-0.2055
-0.1991
-0.1939
-0.1878
-0.1956
-0.1998
-0.1927
-0.1802
-0.1758
-0.1839
-0.1942
-0.2321
-0.2381
-0.2431
-0.2425
-0.2409
-0.2464
-0.2600
-0.2720
-0.2830
-0.3017
-0.3317
-0.3536
-0.3416
-0.2835
-0.2003
-0.1391
-0.0816
-0.0589
-0.0010
0.0846
0.1552
0.1647
0.1151
0.0619
-0.1795
-0.3954
-0.6946
-0.9396
-1.1009
-1.2361
-1.3800
-1.4858
-1.5154
-1.4796
-1.4360
-1.4008
-1.3523
-1.2601
-1.1362
-1.0437
-0.9469
-0.9369
-0.9229
-0.9089
-0.8909
-0.8638
-0.8313
-0.8082
-0.7526
-0.7162
-0.6652
-0.6204
-0.5838
-0.5446
-0.5013
-0.4704
-0.4315
-0.4024
-0.3592
-0.3146
-0.2662
-0.2064
-0.1417
-0.0974
-0.0335
-0.0246
-0.0096
0.0091
0.0305
0.0539
0.0755
0.0890
0.0924
0.1026
0.1175
0.1312
0.1425
0.1533
0.1642
0.1715
0.1861
0.2026
0.2219
0.2327
0.2385
0.2509
0.2723
0.2902
0.2919
0.2953
0.3019
0.3100
0.3161
0.3176
0.3151
0.3120
0.3191
0.3379
0.3610
0.3736
0.3737
0.3703
0.3708
0.3736
0.3918
0.3991
0.4057
0.4051
0.4001
0.3987
0.4040
0.4104
0.3989
0.3927
0.3881
0.3903
0.3936
0.3883
0.3733
0.3597
0.3555
0.3548
0.3471
0.3281
0.3007
0.2743
0.2562
0.2481
0.2526
0.2473
0.2330
0.2091
0.1821
0.1618
0.1528
0.1511
0.1442
0.1394
0.1277
0.1066
0.0765
0.0418
0.0109
-0.0074
-0.0266
-0.0249
-0.0268
-0.0369
-0.0541
-0.0724
-0.0859
-0.0924
-0.0746
-0.0824
-0.0958
-0.1103
-0.1208
-0.1244
-0.1223
-0.1193
-0.1551
-0.1608
-0.1642
-0.1596
-0.1520
-0.1516
-0.1609
-0.1709
-0.1830
-0.1820
-0.1825
-0.1843
-0.1826
-0.1723
-0.1556
-0.1425
-0.1356
-0.1513
-0.1698
-0.1778
-0.1729
-0.1629
-0.1560
-0.1537
-0.1580
-0.1594
-0.1561
-0.1466
-0.1403
-0.1488
-0.1709
-0.1902
-0.2035
-0.1925
-0.1779
-0.1678
-0.1647
-0.1656
-0.1665
-0.1665
-0.1714
-0.1683
-0.1679
-0.1742
-0.1832
-0.1873
-0.1839
-0.1787
-0.1732
-0.1854
-0.1989
-0.2040
-0.2022
-0.2022
-0.2085
-0.2156
-0.2111
-0.1974
-0.1771
-0.1586
-0.1468
-0.1413
-0.1392
-0.1385
-0.1353
-0.1291
-0.1209
-0.1144
-0.1099
-0.1053
-0.0997
-0.0954
-0.1120
-0.1387
-0.1703
-0.1854
-0.1815
-0.1727
-0.1708
-0.1737
-0.1776
-0.1712
-0.1651
-0.1650
-0.1689
-0.1701
-0.1660
-0.1611
-0.1520
-0.1536
-0.1561
-0.1582
-0.1581
-0.1550
-0.1503
-0.1467
-0.1556
-0.1768
-0.1993
-0.2048
-0.1951
-0.1867
-0.1896
-0.1970
-0.1989
-0.1951
-0.1870
-0.1761
-0.1669
-0.1637
-0.1666
-0.1705
-0.1585
-0.1588
-0.1603
-0.1637
-0.1686
-0.1736
-0.1774
-0.1793
-0.2248
-0.2134
-0.1847
-0.1305
-0.0483
0.0515
0.1447
0.2015
0.3271
0.4001
0.5069
0.6122
0.7159
0.8357
0.9631
1.0503
1.1150
1.0870
1.0141
0.8625
0.6024
0.2489
-0.1093
-0.3386
-0.4659
-0.5070
-0.5377
-0.5135
-0.4444
-0.3804
-0.3548
-0.3559
-0.3355
-0.3179
-0.2987
-0.2940
-0.3057
-0.3224
-0.3335
-0.3373